¹ 544 ' 031433434113411

43313133431913313131113, 4333 31 114 413 121343 431 12331. 9341114111
3111141ρί1311 433 3134331311433 31911313 91134311343141 13 433 11314 43131331·
1341111333 41313113 1111341133, 1111 41334 4111411314 433 1333114133 4131-
nem 911343434341 1431 halben 9134394343, 1ο 3111333143 13 43314 4311 41114
4311 1333334333 9341114131 aues der 31911313 1333431443333 1111341133.

Exempla werden 3313313113 , 1311 91313433, 413113. 94. 1133313134

4433 dieser 91111 11111 1131 3134113. 55. bey dem 4333434391 314 111·
331 Mam 33334111 134 433 1131413 ’1233 geben, 3131113413 men 1334343 433
L 314 31331 endem 41313313 3134 431 Ax 41141333 4433311, 431133 91413 wire
ein 431431 9113431, 1141113 113 ’14311 133Β1433 4311 1913311343 9311314131,
134 434433 3133 1411131 1393113144 (111 Κ33313 1141 4111411341, 4134 1343114
1311413433 4343 413 bey 113 92.),ι3411333 also den Leib 41133 431413
433111 3114311433 13 131333 Β3433 oder halben 9113431 134 was 4311134 durch
4311 1913433433 93439131 311133 (33131131 114 113 93113141 von eim 31911311
9113431) 41114413.

23111 913313111111434433 31333 9331114134, 411133 411431 41133411 13 93431
22, 33 9343144 3411 Ι’11134 1941391134 27. 9312343334114 411431 diametrorum
91333 nu 411 931431 313134 oben 113 11134 4311 ’11131111 1333111114 13143, 134 dm
9343144 31114 1414143 444141, 3111 4111 431 134311 9113411 31331 9343111 11359411,
4311111 noce 3,1113 31111 131143 diser 9343141 131112 weil 4133 431 41143 diuet«
331 Boden 114 22 134 4311311 3 113 9934311343141 13114, 11 11144 4119314 11 din
911343113411143 13111 4666,- 134 3111 4119 131113 313 41141144314311314311, 11 gebu
113 den 431433 91134319,425,1114411ιο 431 41141 141331 11111 413133 93431 14343111
(134 22 43119 1313 94925141133141311311 314 433 93431 9425, 431134 7999411
4111411 314 413 911343134ῃί3 49912, 4133141729, 11 31111 111411 9343141 1141

’ ⁸⁰¹¹ Ι41381014319141331313341313 43441 333 11313 91144111, 11111 313 1331 4111·

nem 4111411433 91413333133433313 433 413 49133133433 9343141· 14134334 deu
4144111141, 1334311 3111 11343341 411133 9343111 3111311· 1311 413 3111433431
9133434141 111431 1313111411 3111131. 1414 4111 411 1111334333 934311111 41934
1334 43143, 413 9131414391 133 3131133 9111411, 11 13131133 413 91411313·
1334333 3141 411 111113 3143311 119134 1134 411111413 3131113 91134141
9141141,19114111131334 431191334311343119341441.443111311311 11413 4111 41114
4311 Κ1ι311134311131 13 4111114343 4311911134-9113431134314111,1111 43334,
4111411314 11111 31311111 91114111 9343141, 13 4341141 4111 11114 4111 9341114111
ven 431 913333133433. ’

4111114 413 4133 letne Exempla 11111 N'e. 95. 3141311 13 11113 «heym 411
9141141999 111 4319141313313141133 11914, 1113411 1111311113 114, 1113 13 433414
90, 34131134 1, 1, 1, 1111 411111 311114 4111 139, 91111111, 111 1111 11134113 14·
3133111113, 4111441113311111911141111191411511 4111141191, 199, 299 mn,
134 431133 9341141 19917, 294, 32929, deum 9333434341 1431 2529914119,
90994, 11141334 413 nean CO 134 1313 113411 413 9113411 1311 41133439114114
14314331 nauch-circem 444114331411 90 114311311419, 15, 19, 13 113414 ss
4311 333311· 91134311 93411111, 13131131 auch 41311943 90 1,1, 1 1114, 982, 929, 994,
1113133 91134311343143 3311139311 13 den 113331134391, 431134 4494.,5 4477,,4 73154
411 4111411 311 dem 9343141 4111 91134311 1194, 11 findet 11311 431 1433199311
411· 931133343311914192Η25 1999, 2294, 114 3111 3311111411 1433 411 413111
41143 933333431341131133, 1334 314 999 4311134334, 411 114 drohn 331111
1319333133. 413 313411 941411 1411114 31113114 999,49,2994,9,9499,49,111
13131131 9111131 3111111411 9141141 11111333 313 94314 114 .

 

