548 ² 0111111111111111 ’

· 1111111 [1111111111 hab 112111 aber 111 balbe 1111111111 11 11111111 1111111111 11111-

111111111111111311111111, 11111111 vmb CO weniger, daun 1111111111111111
11111311 1111111111 11111 1111 11111111 11111111 1110111111, 111111111111111111
11111 111111111111. 12.· 1111111111 11113 Lehr, 1111 11111111 111 0111111111
, 3,1411 111 1111111 1111111111 11111111,1111111111111 11 111111111111,111150,2151,

1111 11111 1111111011,11211111111111111, 1111111111111111311111,21111.,111
merck, 1111 hie 1111111111111111111131111,1111111111111111111111 4, ,1111111111
11111111 111 10, 1111111111 25, ’,1328 111 111111111111111 111111111111111311 11111111
Kugelschnitte 111111111315,11,11111111 111111 11113. 11111 1111111111111111
11111111, 1111111111111111111(11111138,.1151 111 1111111111 1111111111111111
01111111111111111 11111100 ein walger EPHFOG 1111111111 111, 11111111 11111
11111111 11111111, 111111 11111111 111111111115, 1111111111 1111111111 1111111111
11111111 gehen 11111111, 11 multiplicir 1111 nach 111 13. 111 44 Lehr 1111111111,
1,·111111111111111111111 walger, 111 1111111 1111111111 1111111111 1111111111·
11111111111111 18. 111111 1111111 diss eine 1111 111111111 111111 an der iiirhabeudm
Figur, 2911, 1111111111 f
. Wir 1111111 11111 11111111 0111111111111111,11111111111 11111111 0111111·

11111111 0110 germinet 1111111, 111115 ich die 111111 00 115, 111 1111111111 111 111
1011111150, 11111111111111111111111111111111111111,,5 gibi 11,,1 1111111 1111111
111Τ11111111ο 17. 681, 111 1111111111 ich 11111 1111111111 11111Ι 11 111 Vkrung 1111
halben diametri 2025 111 1111111111 111 111 1111111111 Ζ11111, 1111111 sich 1,39. 11
aleo diser Circkelschnitz 11111 viel 11111111 1111 1111111111 eins, 1111111111
1111111111. Multiplicir 11111 81111111 11 111 1111111111 1111 Βο1111 111 1111111111
ger, 1111111111 1111111111111111111111 worden, 1111111111 11 211321 so 1111111319, 111
111 Theil 111 111 Kugel 0111111, 111 sich 111111 Spait vergleichet, 1111111111 11111,
· 111111111111111111011111315111111111115111111,11111111111111111101·
tronenrundung 1151111111 111 111 eine Theil 111 1111111111 0111111 1111111111
111111111111111111111111111111. 1111111 durchgehet durch EAHP 111 11010.

Der andere Thml ist 11111 11111111, 1111111111 sich 11111 111111 81111,’ 11 iod
1111111 111 Vmbkrmss EG 111, nach 1111111111111110.1111,11111111111111111111
111111111111111181111111111111111111111111110,3,11111111111,1111111111
mit dem 1111111111 1111 Β11111 111 11111111 1111111 1111 11111111111111111111111
fl, 11 findet 1111113,0931,111111 1111111 311111 1111111’,011111 111 also 11111111
(1111111171 81111111111111111111111111111111111101111111111,11111111
29,11,11111111111 11111111 1111111111 111111 11111111111111 1111111 1111111111
011111111111113,11111111113,88

11111 111 111 Fam 11111 1111111 11111111, 11 ist 111111 111 11111111 dmm 11
111111Τ1111 1111111111,111 1111111111 Weinvisierer, 111111111100111111 1111111
wolde, einen 1111 dem diametro 1111 Β111113, 1111111111 1111111111111111
Β1111111,1111111111111,1111111111 11111111111112911,1111111111 5113

- 11111111111111111111111,11111111110,11,1111113,881111,11111111111111111

111111 11111111111111111111111111 1111 1111 11111111 zu 11111111111111111111
. 111 Regelmocksrechnung No 52,111111,11111113111111111111111111111,111
111111111111 beiden deen 111111111Βεὶ111 11111111, 111 1111 11131111] eima
11111111 11111111,1111111 11111111111111111110111111111, 11 11111111 zu 1111
311111 diametro ein 1111113111 dem 1111111111 1111111 diametrorum 1,111111-
tiplioirte 1111111111111111111111111,111111111131111111111111111,111111111111
1111111111111113,1111119,1111121111111111111111.111111111111111111111
11 111 1111111111 1111111 1111 wellen 2911 111 11νί11111 11 1111 9 111111 11113991
noch weniger denn 11111 bey 111 gemeinen Hdlbierung.

Ι 0111111 wol 111111 11111, 1111 111111 Procesu vndmwmlen 1111311111 11

11111111 1111111111111111111, 1111 1111111 miihseiig; 1111111111 11 111,
7 1111111111111111111 111111111111111111 311111 negem 1111 eine gnum
Kugel 11 ,111111 11111111 111111, 11111111111111 11111, Υ111111111111 mun.

 

