010 001101101ὼοὼο

01101010 011001 0101110101 000 100000, 010 0110010 010100, 0111111100 KG, 00
100 OF 0000 jede 1011100οε 00100110οω 100 1000001 01010011 010 11010οη
0000 0110101000011000 010 0000 001 11. 11001. 100 1110 001 110100 0101110111
0000110001ιο KG 010 1010 aigne Longe 0011011101 100 11001001 101 0000100000,
0100 10001 0000 0010 1111011010 100 001001010000 durch 010 12. 10. u. 110111
0010000010000011101000, 0000 1111 werden 000000 01100 0010000 boam

01111000 00 0011 01001 81001011 00010110 0000001110 0100000000ουος 111111.
1011 0010 8100011000010011011101000 01111100 10 my 111011, 000 010101 010
1011000100 1101100 0001 00110001 1111111100, 010 00001 101 010 (1111101, 11101011,
‘ oder 8000111110 1100 010 1101100 0001 walger 000010 0010100, 1011000 11010-
0000001111, 0010 0010100001, 110110000 0000001000010001011 1110
111100 01000 0011001110 011, 000101 000000 11010 1101110000 011 0001 m bnkmt
worden, 00 100000 1010111110, 00100 010 21. 0001. Die (1111101 100 0100
01000001000000 0111 1110010010 wey 810011 (1110110011 110. 08. 010 (1111101
1100 000 110001), 00100 000 010 010100 1010100111 0010000 80011, 001000· de·
Boden 100 0100001110 00 0000 1010101000 0010 1000000000 0011001100
11101101000000010001100121000110001. Das 000010 81001 101 010
ganne 0001 11010010 010000010οᾱ00, 00011 0001 0010 1011000 1111111010 0110101
0000100100, 00100 111101 1010100000 11010011 0011 FG 100 001 110001 1100.
010 111101 0000 ,001 09. 00111 00000001. 8011011000 nun 111010011οι100 810011
von 0010111111 100 010 0000100000101101100 00000100, 00 1100010100, 1110111
11001110 10 001 01000010 0001001001010100 01000001000000000, 01100 001 011111-
10011000, 00101 000010 1000100 0100010011.

“ Ζωο100001,1001100000100111 19, 0012 100 m 27, 010 Rom 1?oe
noy 0110110110οᾱ 11111ςο 0010010, 00 11110100 11 1010, 1001109 0101010111ιά 00
13 010 1101000, 00 000100000011100. 1110111001 1000001 0100 0001 1001000 Civem
100 0100011001 1211010100. Ζο10 andern 100 11000 daun 1111 0010123 mom
101000 100000, 00 10010 00 1101000 219111, 100 00 2139 110 110. 59, 0011111000 00
bey 0010 0101011000 1100000 1002110100 010101 100 findet 0100 0101010000 mc
7111010. 1100 11011 001 0111010101 0000 0100000100 01101010 101 0011101123, 10101101
1101000 100000 100 0010 1010110111 028318, 00 11111 001 0110010119 001001 1010110111
1ο grone 00110000, 97007ς10001010001010, 11011 010 011010110000010011001 10100 010
0101101000οο 100 000 0101001110, 1110 0000110101111010000 111 111010. (1110 ab
0010010, weil 1100 0010 1110010101 0100100010011000100010 1000010), 00001110 1011 neh
001 12. 00111000 011010110οι 123 0011011, 00011100 15119, 100 0100 0000 m, 10, μ-
11011, 00011100 101, 1001011100 01010000 auch 0101010000 0000 01101010 EG, 7190141123.
11110 011110, 00 100000 1011 01011100 000 00110011, 00101100 0011101100 100 000 Fen
EG, 1010 0000101, 10 010 110011 (ff, 000 101 QF 0000011, 01011100 13902, 00 101001
329000000000003 00101011 1000001οο 000 8001100100110111011011000 0000 0110101-
0001111000 010, 110 010, 10 000 1010110100 1110110000 EG, 9705110001οη 81011
00 001 (1111101 69011000οω00. 11011100 1000001011 0000 0101110100 01110οο01000οη
0000 0015011001, 10011100101001 000010 81001 001 0111101. 1100 mint 1110
(1111101 7300000000000, 100 1011 Ζο0010000 0000 0011110010 329 010. 0000101011 010 01·

1000010000ος 10200000000000.
11100001 00100 wir 1011010001 01001001 1000100110οῐ 00 001 tuden

gangen, 100001100011110000 010 1010010110οτ 00 001 0000101001οω ge-
010001. 111 0100 001. 0011100 1100000 1110 100 1101 00000111 100 10100011 1101-

00ος 1111 0010111000 10100 010 0011010 01001001 geben, 10 1101011001 001 ganne
Procas, durch 010101100000011011100001011, 00001000001101 1111 Augu
010001, 0001111000 0000, 111011111οο11 0010011 0000. 1101001 00ιο 0100 my
1810010 000101010οε 01011100, 0000 0100100000, 11010000 101 0011100011 ιι
1000000, 010010000 0110101000 1110 101 1011100 00010100 11010011 010000, 001·

 

