604 0331. 11313-113131-111311313. Anhang 133 (1311311131 113131133

Die 1111313313 31131 (1113311331311311131 haben 1311311311 1111111111 1131
33113333, 1133 1313131133313113113111333133 313 1311131131 (13111311, 1113
3133131131 13113331. 1311331 131 1133111 1313331111333131111313313. 3331131-
1131113333 11311311 zu 1331111111 1133331, 131 131 313 Τ1313, 111311 1131131
311, 113 11331333 1615133131 1333311 der Donaw 31311 33111331131333-
11331333, 3331 dem 11313311 33113333 92113311, 11311333 111 Ρ13311, das
11333313131131131Μ31333 1391131111, 11313333· 13131, 11333 313 8311111131-
1133 31131 30 11133131 Weins so 3313111331, 313 ’42 1131333 113111 31131111
1131133 113113. ’ ’

Η13133111313131333 1113 8311113313333, daun 313 8311111311 den Vber-
331133 1313111131 3133133 kann, was 33 3111111313 1311113111, Ζ11133 1311113333
1111311133 11131113 gebo. Was ich 11133 0113 1111Β311311 3133333333, findet
sich 13 33311313331131311131113

11111331 111311 -

“ 11111333 Μ’

· 8311131133 Ι11311133

1113 1113113113 8. 9. 10. 11. 12. 13. 4 5.

’ 8331113111 11. 13. 15. 14. 17. 20. 6 ’1

(131313313113113 18. 17.’ 21. 22. 23. 8.
sibnerin 18. 21. 24. 21. 28. 32. 9 10. ·
1113113 25. 28. 31. 33. 38. 42. 11 1.
13113113 32. 36. 10. 13. 18. 53. 13. 15.

⁸ ’“-·-·-“- ——n-—u—-n

’3113313133 33 1331131. 113 133. 33. 33. 36.-

Wanu 1333 11333 3313111311, 1133133 3131, 1133 1113 11113331 13113, 3333 sie
111311 3133133. 13111311, 331 1133 13113 1333131313 313 113313 1311111 333133,
,3113133 3133 11313 11331, 31313133 1131 33111 313331. Das 331333 1113831111·
13313 wolin 3311, 11111 13333 (1316313113311113111111 133331 33333333133
113331313333133. 8333133 131 1131 Wein 1331 3131313 83131113 mit dem 1133-
331, 11113 11113131 3113131 3313111 13333 313 313313111333, nach 33113113 1131
8311131 111333. Sol also, diser 1111313333 3331, 313 1133311831111 1311 133131
wem 33131133, 31311 33113131331133. ’

¹ 1111 1131113111311131 33 31133313 (131311, 11333 311131 1133 'huid 11131133
13131131 13133133 worden 113311 1131111313, 131 33 1331311313133 33131331 'fuid
1313313133, 1133311133313111313 13111, der 3111331331133 11313113 11313131,
13 313313 831111 oder (131333 3133313333 131, 3133 (13331313 wasser 113133 133,
33333131 1133 1133331 113113 1311, 33 3133131 313 33113313131111 1111 3131 113-
113333, 1311 3133 33111 1113 3331331331, 1131131133 1133331 113111 1113 13111 aasz

‘ 98. 1131313111 3311 1131131333 der 1113131133 3311 andem 3333133331 Sonam

Wie nun 1113133 No. 13. 3313311131 worden, 133311331311 1311 Lesb 31131
1131113 1311 einander gehen, 313 131 bie 33133311311311 1313313 33 31313133, 11333
3313133 331 (1333333311 33113, 11333 man 11313113 1131113331 (13111133 331
3133113)1 2333 13311311. 13331311 3131 (1131131313 1311 andere 11133133 31131
11331333, 13113 13333 3311 13313131, 31331 33131131 1311 3311133331 ab 1131

⁸) Schiffrechnung: Schiff 1311 1113111133 werden 133 31313311333113133 md
Ζ31313111333 1313133333, 3131113131 1333133113311313133611133.

 

