1111110011111111 J ιιι

0010111101001001110101110001100111010011111,11010 01110001000110
01100110 1100010011 0111 80110 011 1110101.

nise 170111 ιιι 11111110 011101 1000 1011 010801100001,111101101011 010101
8111101110110111811111 00111101 0010101010) gemacht werden 0001 10011011 011
1111 11101111 0001 1101101 011011 011111 110 11111111 Fam 01 1111011010 010 171ιὶ110111)
auch 1011 011 110 End 0111 800001 100 0101101 1110101111 11111 01011 en 000 1111111
00110 0001011101; 011110 01101110 10111 1001011) 1011001100, obs 11111111 0101011
1110111111οά0 011 1010 10111110 0111111; 111110 zu mereken, 0111010 11011111 011 “
8100111100 1101111110οι, eo euff 0111111011011110 10011011 111101, 0008011011οι0
nur 111 ben 01111.

8111701111 11111 1001111111 8101011111 1111 Η110 oder 11111 0111111001 68011110 ιι
10111 01011111 11111111 nicht 10110 0110 ware, 1010 0100011 die ome-reiensem 1101111
nieme 11111011 0111111 1111111011. ‚ ,

80 010111 11010 11010 8110111001 jhne ’1111 men 0111111000111001111001111,
11011 jhn demach 00010 0110 11101111 80110011, 0011810, 1110111 80110011 0001 zelle

0111111010011Ζ11111101 110 8111111110. 11100 1101111011 1060101101111011100
0011011110. 80. 11000110 101100, 111111 11101011 010 jede 11011111 011Ζ11110110010101.

Ζιιιι 1111110001, 01181111111001011 011Ζ1111 4 80110011 md 10 Ζο111, 011 110-
010100 10 011Τ1101 mehr (1100 0811οἰ011 11010111 zu 40 101110001010011101011

0100 00 01111111 zu 11, 01001100 haben 1096 0111011 1000110, 01010 11101 1111100
1106 0111111110, eber 48011011 100 1000110 1111110 1102, 001 111 110116 melu· 0101006

100 1111101 4 1101001 deun 1106.

So 11111010 10111111 81111 110011 werde 01110 6 80110011, 1110 οιιι 0110 111000
101 ’1111110 01011 eu finden 111111, 10 011011 011 1111011111 0011 0111111111 oder
1101111111 011 0010001000110001 en 8011001100, 0111110 100110101011111100000, 10011
110 Τ1111110, 1111 011111110080011 1011101, 0100011101111110118, 11000 00 00111110·
111111 0100010110, 00111011 27, 11100 00 011 0111111111, 00111011 64, 11100 ‘du 011
11111111ιί1 0000101010, 10 111110 auch 0100111101 1100110001 0101100 1111111.

Ζιιιι 1100011111, 010 1111000000 011 0001100018011011010111100 1111110 10801011

100 3 Ζο111,1111 11 nun 101111 0100 6 8011001110 11111110 01 100 10011 5 8011011 100
10010111110 zelle, 0111111168 1111011 Τ1101100000110 1111110, 01 6001110, 0111

1110 geben 06 1111110101 Ε100111, 100 1179 01110100111111111100111, (101100111011110 ,

ist 39 100 0100111 hie 10111111 Nun 1111168 0111110000 1140 umb 28, 011 1111110-
nahe 01111110111110089,1000101111010010100 0100801011, 1101111110 01110
1101110 Vieier 010111 011 39 8011011. Vnd weil 00 010 1111111 11111111 11111, 10 multipli
011 09 0118100110 011 312 11100101 011111 011, 011 1111101 311801011010111 1111111

du Ἑιίι1818110111,0018101111011 15 Lintzer 8011011 100 1008111110οΖ0111100, 1110110110 ·

010111 001 8116111011 010100, 01011 11 111101 Τ110110 euch 10 1100, 011011 0111111100
001 0111111111, 11 80100100 1001111111)ιο Zoll, 1111 gibt 1111 00101 etwas 1001001 0100
39 01110111 Emmer3 weil du deun 0111111111 111111 000001101010100111011011 39 mit
27, 0110111110ιο 1111111110011811111111000800110110011101100 1000 1110
8111111011100,11111 100 010 11111 1728 1111011 11100111, (111 111101011111111010101·

m WiZszfflsslseffiffierg eber 1101 1108111 011010 Τ101100 0011 Τ101110 01100 2711011011
1000, 01180010 16, 0011110011 18 80110011 110011, 111110 110001 0111111100101101101-
110110 80001111001111110110111110.11101100 100 010 ’1101010 11000 80110011 1011 010

1111000· 0011 81010110, 11111110 26 8011011, 100 011 1111111100 10 80110111, 011 80010 ,

nach dem Wein 16 8111011, 1101101 01011 01171. 110111 11101Ζ1111101, 01111111 1110111011 01
8011011. 1110 001101111011111011101111111 010 001100010111011110101 001001,

1101111 Oeen 7. 87

Ι

 

