1. 19.
1. 99.

50.- ¹2.
1. 11.

63. l1¹ 1.3.285.
’ ln '

721.
4. 76.
704. 2
858. 21
909. ³
5. 05.
957. 3¹2,

. 2

ξ 911. 11

-φ----·

119. 1
9111.
1119.
111.
1. 111.
1119. ¹
¹ 1119.
9191. 1
11111.
1991.
9111. 5
1111.
1827. 3
· 1919.
19199.
1919.
1911. 1,
200. 1
204.
208.
11. 209.
1119. ¹1²

219.
2224. 11

19119.
119. 11
,1111 ¹22
2122 13

233'1· 7²21! 13

241. 14

2438. Ἰ,

2400. 15
1.1. 247.

1191. ¹22 2. 0. 121. „—
Τ 9. 9. 911.

252. 16

2571. 17

2621. 18
1. 2. 266.

2609. 19

11

. 1. 4. 304.-

1191. 5. 323.

91111. 8:

²²⁵³· ’41 119111.

21. 475.

8 111.
ξ ἓεὲε

2714. 20 470.
2759. 21 483. 23
2802. 22 487.
2844. 23 193

2. 2. 484. · .
2884. 24 497. 30 ’. . .
23214. 25 501, ,
1991. 19 Τ ⁸
300. 27 “
3033. 28 23513.

515.

ἓξὲξ 91 19119. “’

——a—u—

531.

3078. 29
3108. 30

3175. 32
3208. 33

..324 34

1111. 11 510] ’ ’

375.-
380.
392. ” ”

395. 1.2
398.’

2184. 101 W
l. 111.

410. 1.3 63θῖ

643. 6¹2

191. ²· 101ᾒὲ
233. 20 ''ew'‘
619. 1
111161.
169.
111.
119.

419. ’

’191
111.

452. 21
455.

11.. ‘3

33. ²² ‘⁶⁹⁵2

3. ¹.- 199.

’“ὓ

 

