510 00110ποὶ01000

01100010, 110 1111001 14 01011010101111111 1110 11, -1110 fulgen 111101, 1101
31010101101000100 1010111’0110101,1’0111311 1010001 11101001 100 31010011
1101001. 11110 1000 mit 001 dritten 801110 0001 0111111110εο 111011, 111011 010
11111101 0011 11 1111000, 1ο 11011 010 1100011111 11111101 1111110ος 11100 0100
110 grona 00ιο1111001 011110 8000111100, 010111 110100 00100 01010011, 111111
. 10101101110110100000101101101010010001011410οΡ10οᾶ. 1100000100-
111001,1110011001,101001001001100110000000010110,300011 011011011
10011 010 0111000011011111000 Μο11.

111 1111·Ι aber 010110ςο1 detti 01100 1101101 ,10 01110000 1111100, 00 010 zah-
100 1ο da lang, 100 010 1ο 01 lang 100 01011, 0001 lang 01111 100 0000 01-
0011100, 1001101000001 0010110001 werden. 01100 11110 0101101011 corpus
1ο 0111 10 010010 310110111000101100110000,111010001101111001101101111 1111
110011 10 01001 0110110 1 enge b'egriffen 111 11000 1000000 110110, 0111111
0010011110101100 0011 30000 110110 100010 0010,11101011111000 01110-
100 110100 0001101000 0101 11000 dem 100110, 00111 1ο, meg 1011 1101 1011-
1000 durch 011111 01001000101010111010101101101, 0110101001 0011111
Corpus, 10111110 facit 011100010 Corpus, 0011011 000 10111010 101110. Aba
1110 111 10 1111100, dass 101000110100 01001 seyen 011010 11010010 0111111-
genennae 010100, 1000010 11110100 1011100 101001, 000100 110 10011111
0010011 1100110000 11010010 1100011, 1ο 110000 110 doeh 011 10 11010000 einan-
001 00000010 01100. 111110 1110100 11000111, wana 010 0100 Lini 11010 001
0100010110 0010101100 Kugel‚ so 11111 010 000010 3111111100 01001011 011-
1110111 10 011 11010010 110101 ganta 11111, 1000010 0101110011 001 110 81001
011011, oder 0011 11011 8011011 110000.

‘ 11. Dm 11 floran 11111 maer 11111110 110 11111 in 10 111111 acen·

1001011111,01100101101111“0001011011’1. · .

1111111 0001010 110001011οο 001 10100ος 10100101, 010 000110 vom
, 2000 01111, 0001 010 0100 100 00111000, 010 100010 vom 111011110οο11 1101111,
010 eine von 001Ηο011, 010 andere 1010 (10111101, 0101100110 001 geram
. 11010 0001 01011, 010 10011 von 0001 ,11110 0001110110, 1ο 0011111 jede
001100 001 0101001100 001110111001111 1111111 00000111001011110010 11111111
. 0101000111010111000111101101001 1111001103010 100 1011 1000110 001011-
101101001111, 1101011100 (1001100 100 010010 je'den 1010 11 eng oder seiten,
,01011 1001110100101011000100111,100001011101010101001101101ςο 01-
111001 100 0000101011 0111111101 0011111, 1110 111 110101 1001110110 01101
111011110ού00 1110111001.

·1)010111111ΙΙ,11000 01012101 0111010 01010000 ,11101 0001111101, 011
1001101001010000,10101000110010000,000011000101000111οψ 1111111
- zwoymal gesem 100 1011111111 0011101111111101010, 0111111110 auch 1010 1010

11010010001010101101110111010 110311 01111.Ι .

,1110110011 in 0111010 0110101 10 000000 01111 111 0111110111 1101011· 0111101111
100 811111 1111001 011101 0111111111 110011,1110111 0010181001 11111011 eim 0110101
001111 11111111 111 0101111111 22 001111001011010111101101110100 010 2111111 1111
1111111111 2111111111 0111 0111111011, 00 doeh 011 0110111 10111111 1110 0111 {tugen wq
1001111111,10011110110111 1110100 1100111000 111101 Η111010110101000101111111 011
1110111011111010, 1111 01 0010110111 durch 0101010110011100101101 10. 10 multiplicia
001- gibt 1001111 22. 1111001111011141 10101101, 10111111 0111 1010111111 0110111
1011- 22 00010001, 11111 0011011001 11011 0001011011.

 

