’ 666-1616661161.. “ -611

62: 1161166166 6611661661 6666166666 1161666616 6111616 166666 61161 1661161.
(111 061. Thnor. 17.) ’ ’

16616661 Kegelstock 6161161 616 6661161116161161Η6611 166 hat 666 611616
116666 6661Τ16611 1611 6661616611 gemein,' 6166 6666 661 616611 ’6161661166 Ι
6666661161 gleichsam 5611616616111 6166111 glockenweiten Rock. ··

⁶ Wann 66 nun 11661616 6166161166 166 661666 Β6666, 6661 61661616 111615,

666611111161166616616616916616166166,11661111811616666761161,166111111611]6 -

1666166661156661615,1666111135;11161111116111616616 666666616611616 616 66111
6111166112, 1116611112, 6666616666135,1616111171111666616611.61666 11611661·
Walger wigt 61111, 66 wigt 66181661 117, 1116 6611161111 111111 6666161161 66. W6re
666116616616666 66611616 6666161, 66 su'ch 6616666111,1116111 (1611161111 16 6611116
1616666666116116116 6611666 stoc’k 11616616. · ¹
Zu 6116666 666 Rock gerad zu: von dem 66661666616 661661 diametrorum, zum
1116111161 19 166 22, 66161161 1613, 6116 666 6111166111, 6616 66 6661 11616616 19, 666
16661120, 666616111161611’1666616616666666166116163,51161160, 6611611616616
1161116, 6666 616166116616119616119,666161361,161161666666116611663611111 ·
1166116066,6666666666916611121. (111111616666116111681661611616116161 .
6616611661 oder 61661, nur 6666 6166 6ο boch 661 116 666 66661.

53. Von 6666 66660606666662¹ Stueken oder 1116666 11666 1161616 666 6666 Walqm.
(Ex (161611, 11.)

Wie 1161116. 46 1611161661, 6666 616 01116661666166611611611166 6666
6661 666616 11616666 3666616166 6111, 66 1116161 6616 Figur gleich 61116111 6016
6661616666, 6166 1666616161 durch 616 161611666666616 noch 6161661 6666- .
66116166, bo dass· ·zwo Rindeu 616666 werden, 616 6666616 6666666116616111,
61166 616116661666116116661111,616’16161666666516116666661661611,6616
Kegel 16661111, 66161 116.Ι 52 1161616 661 116611 1611616666.

86166 11616 6616616661 1666 6611166616 6166616166165. 66666666611, 661
6666611616 1616, 666666 616 6111111611 2 66 51666161, 6166617, 1616616 2 6111116111
6651666111, 6166111911161111111611561667166916666 16111666 666616616166, 66
1661116166611661111,16161666666166661161661611154, 616661661666 6116161661 -

Vnd 61666 616 auch gleich 616111 6611661166 6116166 1161666666611611666 ’

356611 61666661666661 661 66616 ’116611 11116 66161111, 66 61666111 61611 66611
616 1616616616166116666166116111, 666 16611661 1611666611 auch 1661111 611616
6611111666, 6666 666 1161611616, welches 6666666161 11166611 1166116611 von 61666-
661 66116161, 1111166111 1666, 666661666 616616 1611661166116161 661, 66161116
666616 6111611161, 6666 616 1661166. 1

’ 51. Κ61616166116 666666166ηά6 66 6661766166.
(1161161611 66

Wann 66166 5166116 31616116 B6den haben vnden 666 6116116611611616116
1611161616 116616, 11161611 1161666 Η56111666; 16611111161166665616616611611111
16 6666 6666166166 Η5611, 1166 kompt 6111611· 61116666 1161166166Η6611,66’
11661111611666616561166166116661,(16616111,1616666196116,61611166116161
616161116666166166116161661161666136666, 6661 gantzeW616613666616 ’
616116 auch 1611 666 1116666 666 11561166. .

 

