1161111161661111661616, 601

ndu 16616 11116, 66 661611 210, 66166 1163116116, 66 661611 666 6161116166 011 246,
16 113 66161166 AB. - ’

Item 66 6116 GB 66611661 116616, 66611166 27, sumpt 6616 661666 diameter AB
123, 66 1116666 666 66116 6661 die noch 6666 1166611666 EG, 66 616111111616616666-
6661626616616116 166166 661661. so 6616111729 166 16120, 66 66666 66 666 6161666
1616 31666666, 616161 11100, 166 66616666 616 11161661 120, 61666666 66166166
123, 616161616 EG 3.

11. 11111 qemeina 1163616661 1616666161111166 3666111666.

Β1666666 66666 1116 661 166 61661161116666 6666 6666111161 366666611,
6111611611 166 661 6166666 6663, 6161166 61666 nur 1111616 166316, 1116 1116111166,
1666611661 66 616366666666116161161 61611 6666 6661661, 166 6166166161
spriehwort 61131, 166 616111 6166 366 81611 66166 1166 1611361 1161166, 6616 aber
111661 61611; 166 6166 161 666 66616 16161616 61111 616 11661111668666611,
8666666, Zoll‘, 1161666, 11611 166 66131616666. ·

Die andere 866166 666 Μ6666 6666 1166611161 161 661 Plan, 6661616
66616161616663, 6616161666 superficies vnd (1116661666 immam, 616 666,
6ο 166 (1661661666316661116611666 666, 6666166 361 deutlich 16611661, 1166
· 61111 6616 Β6666 11631 wie 616 1166111616 6611 66616161, 1666166 61661 666661
1116 616 3666661666 6666 3636666666 11116. Diae 861166 661 3116611161 166661
6166 durch 666 166136 611116666116666 1666666 16 6166663 166 16 616 Ζ116166
6666 81611161 166 6616666 16661666 66666 bey 1111 166166666 616 11661,
1163116166, 66666611 666611613611, 16161666 6166 666616, weingarten oder
1161666 666 66131616666. 11616 11666 1666 116 8611666611 61131, 616111 61666
. Fusa 61611, 16161666, 61661 6ο 111 Laudes 616 61661 6111 6616661 11666 66-
66661. 16 616616 666611116161666 111161 6666 bey 666 6666166666111 36-
66611661 616 1666111661, 661· un 616166 16161666 eine 16636 6611611161. 616 zum
Exempel‚ 1161 866666 6666616161661161166 61611616166116111, 666 61666 86611666
1663 166 61611 161, 166 11666 1166 6161116161 6666 01166616 36166111 11161 16
200000 31616666 ’.16611 6661 16116166, 66 111161 6161666 661666 1611616666
36116611616166666, 6166 6666116 3611611661616, 11616666 16666166661166
6166161116 6666661666661 111161, 40000000000 6616661 6161661 361161161 Vni·

ἵ 161611 616666.

1116 661116 861166 661 116666 6661 (1611611161 161666 166616 Corpus, 66
man 616111 61661 (66 sey 6666 666666166113), 66661 66 (1116661666 6663661
6616661; 6666616 666 6666 1116161 6666 31611161, 666666 61666 616 111116 oder
6111 66611616666666616 666 (1116 666666 6163, 166666 16666661161661611166
66166666 auch 666 116161 1161111661 6161113111 611 1111116366 16666 1611161,
6163 1666 66 666666666116661 61611616. 111166 666 66113 1111166613 611666-

, 61166 316166161, 6666 661663 611166 66611 61111 (16111661 6661616 86611666

6616666. ‘Danu 111661 116 6663, 61661616 6666616 11666166661616, 66611666
616 366166166616 116116 6661 6616 3161 1166 (16111661. Diae 861166 666 11666-
11161 166661 6116 611666 66661616 61616666 Μ6666 6166666, 16 6166663616 616

. Ζ11666 oder 1116116 166111 616Η1166 6666111116, 166 6116 16 1116111636.
166 66166616161166666 61666663 116366, weil 6161611 616 61666661166 616 End
66666,1611616666 616 1611111663 1111 1611166166 36661166.
111666616161666666666611661611166666 616 16611 1111661, 1166161163,
86161, 11616 1161,11616611,816166,116616161611166166166616666611661116
6666166666 6166661166 61666 166661166166χ666 161 661166 16161666 6166·
66636, 116 6116616 6166 1116116 6666111161, 6166616 Exempel 1161 661116 616-

 

