556 . 0050000510505 ’

End mit 010015 500011 10 80000, 00110 0111 0001 500510 500000 5001105, 50

’ ” 011010 010 300150 8050511010 10 01000 (1110501 010000. 80500 0105 01051, 010

805051 505051100500, 0000 05 0010150001 010515, 10011 00 5150500 8050 51005001.
111500 050110 5011011 8050 0010110501 werden, 50 01101 0000 101000 001 11101-
5100 50111, 115 0010 8050 am 01515105, 50 doch, 005 010 8050 5505 1001001
01010500 011050101001103 5015515 5105011, 05110 je vngleicher, Je 0001301 010
0101500511

¹ 80150 010 8050015ογ 150 805005 15001 105050 0515555 01000 11150551,
0010511 001 ’05100 8011100 5050 50, 51111 0011100015 45, 5511 001 0111100 55,
00 011015 01051 10051 05115 454 lang· 0110 5151110 8011505 1101005 0101000011
010000 00 010 00010 505501, 05011105 5150 30, 40, 50, ’05 011510 50500 600
810011· 1101000 00150000, jedes 01000 805005 lang 000 51011. 010000 000
’1115ος01 00100051, 00011105 0150 40, 40, 40, 05 0551050051 51011511 093 8055011
15100055 10150 0111 1110100500, 100 501050 seyen 01511105 0001000505 000 5110000
1005101005011100111000015, 0100111 001 10005100 semen 50 einander 010500,
1115110555εο 5010105010805001 0100 15 010 4 8011100 10, 30, 35, 45, 05
5050510005001 150. 0111000 05 500001, 0510110510051010050111000 [05000501
0101011, 515 50, 40, 50, 40, 000 0015515101 800. 510050 0005 01010501, nimb-
1151155, 35, 55, 05, 00 011015 815 eiurangen 5100115 gar 010105, 015 30,
. 30, 30 30, 0000 011101 0051010 900. 80 05 5501010111050100001101,
0505 010 51051 010105 511505, 50110015 0001511 001 11101505 warde 010 85111115,
1511100 05105 000 0115 0155101100 805 501111 5110015 0505 30, 50 ’1101190010 151
0001110511005100110 119, 0150 5005 50055, 35, 55, 350000 01011151
01011 001001, 0555 010 50100 80105511·ςο (81550011) einander vnglelch 000 001
hagero 50 0111, 50 1105051510 101010 1011ςο 815 051 815. 0050 001101,
0015110115 01110001 80511005 100 1111001005ος, 0150 05001000 801100 54 50·
5010010, 05 gewinnestu 501100 991 5111 0001 80055005, 00 jede 8011100 50
1105111101 01110119 zum 1101οέ 5111 0001 5051005, 05 1005 801100 151151,
550101 1080 ’1110 50 101150.

80011105 11000 010 8011001 5551 8110501 0110501510001 010 1145,100
5000100 10 50100150 Wege 5505 01000510101051000. 111500 (11111 111101 11100
00515110501115500, 05510 000 005 5155111001010 00111 850000 50505, 0100100
5111 01051 0010055551 5010300 010009

1110 05101105 uber 100 ’5005 0011000010 01011 1155005055οι noy, 55510
511110 0111111011 0513οο055 8105150111 1501505001 11000 05 011 805555 0001
111050· gnug 5051051, ’010 851500 0105100001 50 5011111110 zv'vey 85000 005510·
1500 000 10505 grosse 801500, 0000 05 0100001 51011015 010 85000 50500110
01005 0110551, 015 11500 010 10 00100 0110501 00115015 0111000. 5100 mn
010 10101101 Ηο1501 0111 100 1050 hat 111051 1100001 0001 1051010 01100,οο
001100 010 8100015105 511100, 0555 510 0101001010 0105155 5101000 81150100
ι0010050115150, 501100 10510151000011555011050505. 85 5050550 0505 ’0101551-
550 01051 5100500, 01150 0001 springs 01051 0015511 000 5050510515 510 01051
05011, 00011 010 00100 1500 00500055, 01500 00 515 05 01505001, 50 0111015005
001 11500503 0100551000οη (11105510 81100500, die 1000010001001, 15555 0150
00110050, 11511 0018511100 55011 01005 41150 101 5005 051 11050500 0100,
0015515 010 851110, 0000011105 010 8000505100, 000 001105 ’1505510 springen,
1005010 5150001 515· 05100, 11500 1050 510 550 0551850011 11511001

1101000 855011 1011 050011050οο und 000011000511101011 50505000·
110501 505 dem 1100500, 0000 5011 0018011005 001 0105 011011 n 5010110181ωο
01051 10010011ιο050, 515001 05101 5500151001, 01, 0100555· 5105 1051014100 050

 

