550 oesterreichiachoa

7711 1151155 5555 155 andere 5155351175. 60 55555551111511151151500
3511551, 0,5 151111 206155151115 1115155 0111555515515531, 65, 5515 0625. 71155 111

55553155550,531510,,625 1155 2061552 55 11551 1 3,4, 155151151553111555111155
00· ’.1515 1155 such 11555115355551111 5511 111 1151111 00 0 ι 151 1511 ιιι 511515
1155511145 11555 1551515 115 7151553 1551 551555 11155111 551515 1151151, 111
111425, die 3151 151 055511151115556515511355115111151115511165 15115113
1515 diametro, 1115551555 1111511115 45, so 5511 51511 115 11555 05 1515111 11115535
1553 0,,2647 ’1155 1155 111 355111 Ηιιι 1551 31515555οο51 111111οΗ7647 ιιι 11151
11111551551102549,11551513,375151113111511ι, 31511151153111555111555534. 6111
55151 5155 5555 5555 1515 Τ515115 1115535115551111. 11555 55115 00 15 0,,5 so 11111
0,,500 155 1111111 151145, so 1151111 5155 11 ιιι 515 915111. Such 10 oben 1151411111
ι1111ι111551155,155111551511101151111535 3661 151115 1111111511 682, 115111
1115 9151111151 75, ’155 5111515 3661, 15 55515 155 115311555511137661 5151111115 1511
1111115 55551554,5,1’1111131125 ιιι 1555511 die 5515151115 ιοιι 11151115, 111
151,1155151113551113115 115315111313615511111151115111151551115511511
2111111551 155Ζ5155151.) 5155555, ιο 511151 111 340536 5151115111 3,4,1111 5515.

Sibe 15, wie 5555 5515101155 111111555553151151553. 1511111 6111-
5553 5551 No. 63. 1551515115115. 15555515, 1515113111 1151115551 1151111115,
5515555 515 5555 15155 1155155551315 615115551551551

14555 111515 5551551151 1111 155 111555 51555 551515 111111 1111111111
process 111355, 1111555555-115 5535511115 011155551551553 5151 1111155117111-

,1511515151 1611353 11111151551117155551115555115603111515511
1511513351551,151 155151 3555515111 115155 1113 1111513115, 15 im ersten
15105555053531515511551551211 1115 9 35355 10,115 551515 1111 14
,35315 16,11511111151115 17 35355 16,5151111Ζ551151533111355511515,
1151511515 16311511 55151115 51535,1555 155 3111 31111511111511 11111 111
0111151 ιιι5 1157135155155115 5115511515511111511515 551 1 11511 5115, 515-
1155 011, 11515511 5555 111 111 11555 1555 01151111- ιιι 151 5535115551115
FGGO 115151151115 51155 1315153115 111 351515115101· 15151 15156131

087 5515111 7111553 5515 151151 551115, 511 111155 151551 71515113.

” wess daun 1515115155 ΡΗ 35315151111116, 28, 34, ιο 151 55155 7111555321· 151

’ ⁰ 1156 151115715155315507 115 15115535115311151551555111 5551155152 332, 571.

715511555111555555515160.555111111111 111111151111105115111111500111
ιο 1151111111 1551111115 31515 511111 1151,11515511515515151911,
196, 269, 1515ιί1 151 5511115555 1155 0511111515511111 GGFO 15551 1115111511
65511111 5555 151 1111551, 5151 weil der 65355 111111 31315 dem 1155111111, so 511515
5111155 1111115 7713, dame 15155551551115115535012,115551111155 1111 111
1715155301, 11551 1155155515 1153 5115511 115 7111553 155 111 Ηιιι 00, 11111
15551, 515151 5155 1117151553 OF 161, 391, 577. 11515551 111 die 775111111261
19,,6 2110211151 5155115. 17.1151151351115515111115111155 00 5551311511, 5115
151111 5515151555 ιι 115 355115 0555 00, 1, 151 155 dem 15511 111 1111115511 11111

3155111, 1115551115 0115155555111 16, 917, ’26,4, 32 023, dison 5511131155 5115 115 12
in 155 7551115115 1155 01151515 FH, 151 11111 5555 1151 12. 35155155 56 55 67355
10661 so find'et 5155155 31155511 115511 155 151 0111151100 ΗΑΕ, 51511511 95661
2322, 26, 3420 93 1151 551115515155116155111115 vollen 1111 15115 5555 151 15151511
’155 63.’1551155555 15155 155 Κ53515155111 100 1555 111 115311 1101. weil 1151
1516555111 111511, 15 5115155115. 37. 1555511115 7753151 5555 111 7111553151
OF, 5151115 551511 1115511511511351155 1556555115,115351151151161,301,577,
15511 5115175. 1215111111551 51155155515114511570, 155111115056, 1223611
16127,155 5511115511 ιι 111 5115511555 1155 65551551, 55 1111111 1111515 ιι &a
8555111 11515555 2529, 61416 30635 111555 5515 5111111155 155 1155115. 6211
den 515551 1115551 oder Η555 001, 1, 1, 155 11551111 1551111111 5111 OF 1551 511·
515 1111511111 1115115115 12,,69 156, ’,’,2402 1151111131 5115 11551155011155151551511

 

