508 ,0111101111110111

serg filritssen)verstend geunnen, 11011101 11111 1101011, 11111 Zols 1101, breis
vn 00 .

12. Wieferrs 11111101 1011111101 0111 111 die 111111 0110101111, Item 1110111111 een
der 11011 1111111001 001111 0011 dereses.

Wann 'nun 111 11111111 811111 1111100111 110 1011011 111101, 110 11111
111011 Γ1110110111011000 Μ111 01 0111111111οῃ 1111111111, 10 bat 011 sege
0111111111,1101 Art 011 1111111οο 1110111 Κο111.

Zurn Exempel ein Bogen 11110 1101111110 111 einer Lenge 54 0111, 100101
suste, 0111011111111 01101101 0110111111 1101 1101111 200 11101101Ζ111, 1101110111
111111 011 111001 0011111111 Sennen des 111111, 001 111 011 Ζ111, nis 01110 dieser
0101110111 Oenone 11110111111101111111, 0111 11100 lenter 111011 Ζ11111, 01101
1110101111 blosse Lengen, 01 1101111 sol spreehen:

240 1111111 Oenone 200000 1111 512
1011 12311111 ' 1010001111 541
1011 41 gibt “ 100000 was 181
10101111 010 81101 (10111111) 43902, dise' 11111111 gibt 01111100 21951, 01101111
011 halben Bogen im 0001110011 11 sey 12 0100 40 11111111 51 11001010, venre
1110 001 1011118111125 0100 21 11100111 42 11011001. ’

1111100111111111111111 0110111, 0011 10110 300 gradus-seins 1011· 111111πὸ1001-
lsin, 1011 011 111111111111111111111010111 0111111111 111111111011.) 0283181001
1111111 10101111 1111110 8111011110 1011 Τ101101110 11111110 81101 helsen, der 111 einen
0110111, 10111011 111 1111111 0110101, 11111111 11111 3000111111111111, dann der
1111111 1111 11011111 1111101111 beids Ζ11111 001 11111111 11111, 11111101 101 1111111
11111111 1111111, 10111 0111011111 durch 01111. 1145329202. 1111 11 1101111100100
101111011111111 Theil eines 11101 0110 1110111 Τ111101111 29088820, 10 11011 10100-
011 484810. Vnd 111111 1101 01111 Ζο1111 1011 0011 10111 11000110 1110 0011101
11111111 1101000111111111111010011 0111111110 111 rechten 10 11011111100011.
11111101111111,1110101111001001111111101028318, 10 111011 1110 11451,
110 110 11101111111110011 291. ·

11111 111 10111 11111, 11110 111101 1101111110 111001101111110011 1111111111 1101-
011. Ales 011 01101111 200 111 einen Vmblrreiss 0281101 fer einen Vmbkreiss 111
011011011111001 11111314. 0111 11 11100 0001 bsides 01101111 110 8111111101

“ 0111111111 Lengen.

11101111 0101011 11111101 Το11111 11111 101101118111111111 1110111110, zn-
1111111, 1111111 1011101 Τ1011 110 jeder 81111 habe, deren der 0111111111 111 200000
11111 11111 10 111111 Feld 0011 11 11111 1110111111 101111 11101 mehr 0100 011 Circ-
101 1011001111, 00 1111 11011111111011 0111111011 10101111111101110 0111110 11110,
010 0011 111111101110111 11011 1010 111111 01001111 10 200000 Theil theilet. 11101
111111 111111 11010 Β1111 111111 1111 Ζ111, 01011011 00 daphnen, 1111111 000111-
111110 Begsns 111110111 101011111111, wie der 01101101111200000. 11001 11111 001
Βο111 111 ersten Fseb eseber, 10 1111 010 11 111111 Ζ11111 101 1101110 1110 001 fabren,
1111101 011 01111 im 110011 0101, 111111 die 12111111Ζ1011111111,111 dritten 11
im derben, 11111111, 1101111011 1110 fabren 11, 15, 10 Ζ11111. 1111 ,111111 111111 jero
halben 01101111, 1101011110 111 Zebl ron1 biss 0011 10,1111Ζο10111101 15 1111110
11111011 111101, 111111 111Ζ111, 011 110110 dublinen, 10 11111001111100 01101111 1111

) 11 margine praemissis 1010 10110111111110101ε 1110101111 Lines, 1101101 sin
011101,0111111,111101.1101101010110111,1101111010,0111111011.0101010001οω
11101001011101101511.0111011100100,1111000, 110101111,110110110111111,010 11111101,
1010100111111110,,111011111, 11111011,01111101,11001111101,010 11111101 Lauiniae
0111111111, rennes Plstz, 1110, 1110011. Wenn 110 10 111111 001101 11111111 111 11010,
11010011, 0111010, Ι111110101111,01111110001 111110010001111011110011. Leteiniseb:
Oorpns, 0111111, 010 Fullo, 0110110, 01181011, 000 00110111, 0118111110

 

